0
128905.609375
128351.953125
108500.078125
89492.273438
104584.9375
103683.273438
101108.289063
98390.453125
100560.445313
101480.257813
99066.195313
97896.21875
98826.835938
99326.273438
93134.054688
90583.429688
92760.96875
96588.664063
98312.03125
97916.148438
98485.5625
97604.835938
95538.179688
99336.984375
105346.539063
103585.515625
105384.125
101246.625
104245.140625
103168.71875
104749.25
101372.601563
105409.429688
104227.757813
104402.164063
104178.0625
105340.96875
108815.96875
108014.054688
104927.609375
96594.367188
98240.1875
97996.234375
96423.96875
100627.554688
100581.765625
100957.023438
100790.476563
100872.1875
100781.070313
101720.046875
100388.296875
98593.320313
99534.9375
99236.492188
99056.273438
99378.78125
100459.578125
100558.609375
103872.726563
103343.054688
104436.382813
104016.132813
105916.0
108604.53125
109115.75
113299.796875
115016.992188
117994.65625
126048.664063
126192.953125
128752.953125
127819.8125
123417.203125
126129.773438
134400.671875
131757.9375
131856.6875
132683.3125
127022.25
131359.203125
130565.695313
130273.0
128177.90625
134183.71875
127862.648438
129728.859375
134151.796875
134821.625
137327.53125
137516.796875
134374.78125
133753.265625
138345.5
136447.84375
127630.257813
124969.046875
127027.171875
125008.90625
124489.265625
129014.90625
138487.5625
135613.171875
140353.734375
140106.59375
139164.921875
140807.421875
137387.96875
136117.984375
136408.15625
133388.015625
132270.359375
136077.15625
135080.578125
132704.1875
137100.453125
135665.0625
128221.015625
128037.664063
127837.039063
128298.882813
128195.429688
125741.164063
117996.859375
117996.859375
117217.46875
121523.414063
130380.546875
138488.96875
140207.21875
136992.5625
138576.5
147938.5625
145394.4375
147373.703125
143214.9375
149378.375
143406.578125
149427.578125
144276.4375
143594.578125
146207.546875
141037.03125
145660.125
147484.359375
147184.890625
149734.96875
149064.234375
147580.34375
148698.078125
153637.6875
156452.765625
153264.171875
152749.40625
151363.859375
152256.0625
156688.71875
155292.65625
157421.140625
164393.921875
172010.875
171252.09375
173511.984375
170262.0
172799.65625
159445.3125
159608.28125
151775.5625
153763.296875
152791.59375
150834.390625
153058.578125
152623.640625
156070.484375
154704.703125
156044.234375
153429.28125
149808.0
152990.8125
155762.921875
153439.125
163055.84375
155304.65625
153086.3125
151232.203125
151780.203125
150929.796875
147492.875
148721.015625
147641.515625
148002.171875
149524.828125
150118.34375
150214.40625
149048.609375
150152.734375
150808.03125
149604.75
150537.765625
153711.359375
148893.203125
149428.84375
150985.390625
151185.90625
157793.84375
156330.3125
157184.9375
154928.828125
153215.890625
157162.234375
155931.484375
155797.296875
149497.3125
155505.421875
151389.515625
152298.765625
151680.09375
144439.4375
144560.40625
143475.375
143106.34375
135416.9375
136427.484375
140606.765625
141469.671875
140941.1875
142460.359375
146939.40625
154952.4375
153430.640625
155134.8125
153809.71875
155813.09375
152485.84375
154952.953125
149942.53125
152022.765625
158707.5625
157999.640625
159057.0
160244.828125
158818.1875
157421.65625
153009.140625
154623.828125
154186.65625
153913.578125
155193.953125
154775.171875
153517.1875
164596.25
159285.84375
158604.796875
157890.125
156860.03125
155746.59375
155015.6875
155216.125
155156.34375
152930.359375
154921.375
151357.078125
152245.03125
153471.71875
153247.1875
154228.609375
154748.859375
153125.875
152655.15625
154051.953125
152154.421875
151920.9375
151109.1875
151710.65625
151122.96875
151267.890625
153758.28125
153659.25
153242.65625
153232.734375
153379.1875
152471.8125
153587.65625
152001.796875
150298.078125
140015.53125
138119.21875
138828.265625
140125.015625
138572.984375
135727.53125
138615.640625
137180.5625
136446.90625
135899.765625
137017.578125
136644.9375
142703.5
141013.875
136065.8125
134715.0625
135421.03125
135346.203125
134830.265625
135734.75
135897.5
137148.9375
135873.0625
135792.046875
134247.8125
128692.28125
131935.15625
133370.359375
135085.3125
136426.96875
135893.546875
134840.078125
136295.46875
136747.015625
134841.515625
131309.8125
132399.5625
132448.546875
131171.390625
131877.734375
132731.40625
132969.015625
137520.65625
138735.484375
139003.140625
143967.046875
138681.734375
137881.875
137190.828125
134117.3125
136776.5
135860.578125
135788.484375
131551.375
130512.953125
130233.375
128192.21875
129257.3125
129521.085938
129760.039063
133159.25
130329.007813
130210.875
130291.03125
133592.453125
135643.59375
138330.921875
146578.921875
148137.9375
148625.421875
150245.71875
148485.234375
148199.359375
149769.9375
150685.4375
151270.609375
153777.15625
149879.296875
152412.9375
154483.875
157818.4375
