0
2679.687256
2422.167236
1966.180542
1134.005859
1423.054443
1315.089111
1171.075073
1060.110962
1134.002808
1159.428833
1164.2052
1111.901245
1079.937256
1047.615967
998.852783
968.166443
1016.180176
1171.563477
1190.731323
1148.534912
1156.380005
1152.820801
1094.486206
1091.386108
1147.662598
1094.148315
1116.747925
1083.239136
1117.008545
1132.781372
1177.008057
1112.042114
1126.340332
1119.552124
1119.303101
1106.826416
1100.711914
1139.94873
1166.533325
1161.794922
1014.231201
1033.906006
1026.777466
985.426697
1014.826721
1005.236328
977.498169
973.588562
945.347046
941.526489
937.35376
917.591614
808.301208
799.511841
817.584534
824.471191
826.015991
932.343628
1104.611572
1110.634521
1109.046509
1112.819702
1077.148682
1178.155762
1339.742065
1322.262451
1335.452759
1348.064453
1486.578125
1971.108765
1859.251587
1925.175293
1865.640259
1697.997314
1740.711548
2068.803223
1994.269897
1962.227173
1984.875
1860.175903
2002.645264
1983.25354
1989.595459
1954.889771
2130.139404
1953.543335
1958.567505
2042.221191
1990.854492
2035.966675
2005.986694
1934.810547
1879.077393
1974.344727
1917.100464
1687.949951
1660.632446
1718.255859
1773.187378
1717.22583
1808.587036
1976.179932
1842.770752
1918.558594
1944.359497
2055.95752
2165.141846
2067.283691
2003.074951
1974.632568
1911.868896
1867.922974
1928.686768
1875.591187
1811.074829
1854.983521
1810.565796
1748.600098
1713.258057
1714.217773
1689.071777
1661.583374
1509.888672
1419.588989
1419.588989
1496.317017
1493.890503
1665.163696
1684.121094
1722.482788
1595.671875
1630.195679
1785.1073
1749.353882
1807.811401
1830.209351
1870.020752
1772.695313
1827.675537
1702.851074
1683.729126
1727.10437
1637.865356
1681.965576
1736.535278
1687.254395
1739.805176
1723.79187
1687.832275
1679.19519
1718.226318
1718.173828
1686.558838
1675.981445
1639.793091
1662.2229
1712.022339
1889.163086
1965.861084
1995.654419
2027.553101
1970.709229
2075.748047
2013.944458
2040.608276
1870.196533
1822.009033
1745.676392
1789.826782
1762.553833
1750.913696
1797.855957
1740.251343
1826.622681
1910.092407
1895.091675
1866.404175
1797.955688
1820.802124
1816.993774
1775.724609
1865.572388
1795.951172
1785.326294
1689.562622
1698.237793
1716.531006
1661.294922
1720.126953
1715.422241
1722.380737
1728.203735
1701.838501
1737.113647
1683.352783
1685.758789
1680.442261
1625.721191
1618.574707
1661.398315
1590.063232
1593.672485
1599.028687
1686.405151
1717.443604
1700.033081
1757.377808
1721.500244
1686.856079
1751.673828
1743.181641
1798.102783
1656.43042
1683.24939
1539.533569
1559.815308
1432.517334
1290.446289
1282.744141
1251.258301
1235.855225
1188.551636
1208.990601
1253.849365
1281.883301
1264.623779
1317.733032
1363.955078
1414.072632
1363.355957
1405.538086
1365.293457
1391.399414
1334.250366
1362.787354
1311.348755
1474.937134
1551.39917
1533.878418
1597.072998
1576.768799
1569.885254
1564.904663
1632.974609
1775.920288
1806.66626
1763.759644
1758.93103
1820.46106
1802.208496
2134.915283
2195.904785
2249.275391
2247.604492
2205.043457
2096.580566
2164.166748
2082.865967
2094.707764
2011.973755
2030.979248
1912.946045
1907.778931
2063.907715
2067.561523
2044.062744
2070.562256
1995.542725
1950.86731
1975.141724
1914.927612
1873.915039
1884.500122
1871.154785
1917.35376
1910.059692
2006.005249
2020.164429
2037.964355
2039.331421
2066.19873
2009.675537
2093.947021
1988.20874
1898.805908
1804.067383
1774.195557
1819.39502
1810.829956
1762.697876
1706.802124
1791.524658
1738.204468
1683.383423
1674.113647
1718.334717
1699.90686
1796.927246
1723.059937
1631.749756
1598.873657
1612.597656
1619.632324
1613.29248
1684.388794
1633.5177
1655.719727
1627.602539
1614.898926
1515.22876
1471.280151
1485.512939
1526.388184
1564.11731
1593.008545
1590.642212
1564.64563
1636.301758
1667.061035
1687.081543
1614.455322
1615.297241
1618.268799
1607.582764
1611.116943
1584.636841
1592.309448
1660.483643
1688.558716
1779.595825
1979.264038
1948.289551
1960.232788
1926.920288
1888.75061
1946.68457
1935.640503
1932.355835
1841.811157
1840.262817
1829.90686
1773.516968
1818.4021
1833.125977
1825.722534
1995.304077
1994.707642
1951.155518
2072.903564
2250.619629
2446.475586
2414.691895
2644.572754
2503.077881
2699.364258
2729.639893
2647.616211
2640.410645
2737.796875
2910.529053
3207.818604
3451.829102
3346.780273
3286.413574
3521.489502
3361.182129
