0
3953.6548
4025.5208
3958.9868
3730.0344
3324.4236
2835.9236
2341.7139
1892.9496
1516.4767
1225.4763
1019.44977
890.0297
823.88586
806.81775
825.1384
866.01483
918.7417
977.0525
1040.6012
1107.629
1173.7863
1235.6163
1290.2938
1334.1238
1365.8234
1387.7472
1400.1011
1405.0261
1403.4586
1398.1293
1391.5271
1386.5808
1382.2157
1378.4734
1375.0968
1371.9918
1368.7524
1365.146
1362.5494
1362.3163
1364.4495
1363.6409
1358.9208
1350.5492
1338.3917
1324.5717
1310.5768
1296.8202
1283.9149
1271.6532
1260.2535
1250.02
1240.7362
1229.3647
1215.3108
1199.9635
1185.0197
1171.8235
1164.1725
1167.9657
1183.937
1209.7335
1241.7675
1275.0114
1308.9545
1347.2318
1388.6877
1431.1112
1472.0408
1513.9535
1574.6371
1652.504
1744.1532
1839.2378
1920.3842
1980.4291
2032.5084
2077.153
2112.3464
2138.1096
2148.102
2149.028
2143.548
2134.2556
2121.2363
2114.4255
2107.6033
2098.924
2092.238
2086.1692
2082.6255
2080.4192
2075.348
2063.7007
2050.4148
2035.4135
2008.794
1969.1938
1923.0232
1878.6428
1838.7047
1809.4937
1800.3015
1806.0001
1825.3894
1855.938
1898.7546
1955.882
2018.7065
2076.7693
2122.3062
2148.8174
2153.55
2142.1926
2117.7144
2081.8176
2041.1194
1998.7238
1955.2726
1911.6158
1870.1478
1832.168
1798.1534
1762.772
1722.3745
1678.5464
1637.6951
1603.6749
1585.105
1584.4601
1601.526
1627.5364
1657.7156
1694.5101
1734.8613
1777.9269
1822.1112
1866.5364
1904.3812
1934.8298
1951.4828
1952.6006
1942.089
1919.9719
1891.4484
1863.2927
1837.1708
1816.836
1802.8195
1793.2393
1786.5485
1783.5243
1783.9276
1785.723
1787.3594
1786.64
1784.1578
1782.728
1791.0874
1814.288
1852.5687
1903.5309
1959.106
2017.7994
2072.528
2119.8828
2148.549
2153.4744
2132.7563
2093.5996
2042.714
1986.8489
1934.2867
1887.3577
1851.9506
1833.4741
1831.2643
1841.0996
1855.5935
1871.3241
1885.7695
1895.6884
1904.4011
1909.9025
1911.4381
1905.0221
1891.3202
1873.3494
1851.5192
1830.383
1812.3457
1799.0017
1791.0228
1786.9594
1787.2725
1789.017
1790.8567
1791.93
1789.6835
1783.5791
1776.2297
1766.2651
1754.3551
1741.8943
1733.7626
1732.8352
1738.4236
1751.3572
1768.5731
1785.8448
1803.4585
1820.2582
1837.653
1849.0269
1853.5398
1845.4667
1826.2167
1793.9113
1746.2854
1687.6085
1623.2976
1559.0789
1498.5127
1445.7972
1404.9637
1378.191
1364.4943
1363.6162
1374.9402
1397.5466
1426.5845
1459.3575
1491.3607
1520.566
1543.3379
1559.4844
1567.542
1574.145
1584.865
1600.2614
1621.5829
1646.5256
1672.0648
1695.3856
1717.3503
1743.456
1775.453
1809.8467
1842.9553
1874.567
1902.4065
1940.3878
1993.957
2063.6785
2144.157
2225.287
2292.5386
2342.415
2368.9478
2373.0808
2354.1035
2317.8545
2264.9866
2201.2373
2141.6077
2093.7812
2059.7192
2040.5793
2031.1423
2025.7935
2022.9448
2018.6322
2009.907
1997.4618
1982.303
1968.4264
1957.6083
1955.2823
1963.027
1980.4626
2005.1586
2035.169
2064.5732
2094.0713
2117.0347
2126.4119
2116.594
2087.9602
2047.746
2002.4219
1955.4839
1908.3597
1867.6584
1834.1848
1806.2024
1782.955
1766.2599
1755.684
1754.7631
1760.1904
1765.5651
1766.7941
1763.5834
1757.1687
1748.8115
1742.8691
1738.895
1737.6237
1737.7733
1738.0952
1733.9274
1722.6931
1705.7817
1687.217
1671.3031
1661.2316
1657.6746
1658.9158
1666.2556
1680.072
1699.6882
1719.9763
1737.885
1751.8591
1760.8871
1765.2113
1764.4779
1759.8307
1755.4607
1754.345
1761.0433
1784.4559
1823.2284
1873.2911
1927.1887
1976.7446
2019.6853
2053.5017
2076.982
2085.7678
2080.2222
2062.656
2034.2095
2000.7578
1967.5961
1937.8771
1921.3798
1920.2687
1930.8517
1954.9813
1998.8003
2070.212
2164.0347
2284.2346
2415.0
2554.6333
2696.5212
2825.2947
2929.5864
3009.9915
3078.97
3162.7483
3286.2869
3441.2305
3607.375
3786.8447
