0
149540.9
149951.02
149879.38
149088.38
147355.5
144924.95
142018.34
138822.75
135486.6
132175.94
129026.516
126103.42
123440.01
121068.086
119005.59
117184.28
115538.16
114058.555
112782.12
111739.14
110927.43
110335.55
109929.56
109652.67
109505.195
109539.06
109739.85
110097.36
110536.41
111035.516
111556.87
112088.85
112578.99
113044.25
113476.17
113870.86
114222.9
114542.914
114874.6
115224.85
115555.39
115750.805
115786.1
115664.54
115391.94
115041.2
114663.11
114296.88
113964.46
113678.35
113442.05
113264.695
113131.22
113010.56
112897.36
112786.02
112673.13
112562.44
112469.01
112400.914
112396.75
112462.695
112604.414
112808.85
113079.73
113436.445
113879.125
114437.95
115125.18
115955.18
116997.39
118247.24
119688.31
121255.48
122824.28
124340.19
125855.85
127341.77
128767.11
130112.19
131288.56
132309.89
133175.52
133889.23
134436.62
134896.67
135234.3
135468.45
135669.94
135881.1
136148.78
136486.23
136847.94
137196.08
137563.17
137931.83
138182.08
138238.05
138111.84
137809.36
137356.34
136846.47
136452.0
136212.48
136190.61
136384.89
136752.62
137264.05
137835.14
138393.34
138899.19
139295.0
139548.58
139705.25
139783.73
139774.78
139739.9
139693.78
139557.11
139306.11
138944.45
138499.36
138000.45
137447.98
136766.19
135948.47
135011.39
134043.64
133209.98
132680.66
132529.75
132711.44
133177.14
133969.2
135020.81
136273.95
137602.22
138988.56
140318.83
141599.88
142754.8
143739.06
144570.05
145198.33
145676.95
146063.39
146387.89
146700.27
147012.02
147306.3
147586.86
147912.3
148331.81
148810.19
149310.58
149786.73
150222.94
150663.47
151102.36
151557.67
152113.33
152877.5
153850.0
155016.56
156283.2
157603.11
158755.48
159649.08
160160.08
160303.42
160118.94
159649.9
158992.83
158223.05
157448.05
156713.7
156066.69
155494.95
154948.62
154449.92
154042.14
153710.39
153562.92
153528.61
153537.03
153525.69
153474.23
153367.5
153165.33
152881.84
152524.81
152118.95
151707.81
151326.4
150995.11
150708.34
150476.39
150307.7
150185.64
150110.03
150114.08
150142.22
150173.7
150215.69
150270.98
150419.62
150664.23
151001.94
151385.2
151758.84
152140.5
152513.39
152864.1
153105.52
153284.69
153374.03
153385.42
153326.39
153121.84
152764.58
152262.66
151643.12
150850.2
149910.14
148919.34
147954.77
147059.66
146279.25
145686.4
145396.42
145409.42
145708.12
146224.42
146912.73
147674.34
148470.95
149202.58
149846.27
150472.92
151096.88
151730.33
152382.28
153025.89
153622.67
154096.28
154441.3
154659.4
154761.9
154784.33
154748.28
154657.75
154661.0
154744.45
154886.2
155056.64
155221.89
155349.98
155419.55
155429.72
155386.75
155274.1
155121.2
154904.38
154637.98
154353.98
154071.22
153815.7
153606.45
153429.6
153272.28
153145.31
153027.42
152907.39
152771.89
152626.44
152469.67
152307.2
152175.73
152088.4
152042.47
152032.11
152051.62
152082.61
152128.31
152167.19
152169.16
151998.08
151596.98
150983.92
150220.34
149348.61
148384.3
147399.5
146428.06
145492.28
144606.61
143799.02
143080.19
142528.3
142145.34
141857.94
141607.77
141373.45
141144.28
140911.75
140687.11
140480.05
140311.61
140173.97
140061.33
139950.62
139765.4
139522.42
139256.05
139010.83
138825.6
138708.19
138643.28
138635.39
138683.97
138757.52
138794.28
138782.5
138722.44
138606.11
138448.05
138273.22
138101.55
137999.89
138006.62
138129.97
138416.89
138799.05
139217.11
139621.67
139946.28
140197.08
140370.12
140470.94
140459.11
140319.33
140059.77
139679.5
139213.61
138700.25
138175.3
137706.73
137292.81
136932.17
136623.36
136402.81
136303.64
136359.81
136665.33
137246.39
138077.67
139120.66
140289.75
141504.42
142718.42
143899.86
145025.42
146103.86
147079.36
147956.67
148760.78
